Stim.Ts = 1;
Stim.Dec = 40;

Stim.CB.CB1	= [	2	2	2	2	2	2	2	2	2	2	2	2	2	2	2	2	2	2	2	2	2	2	2	2	2	2	2	2	2	2	2	2	2	2	2	2	];
Stim.CB.CB2	= [	2	2	2	2	2	2	2	2	2	2	2	2	2	2	2	2	2	2	2	2	2	2	2	2	2	2	1	1	1	1	1	1	1	1	1	1	];
Stim.ESS.Ena	= [	0	1	1	1	1	1	1	1	1	1	1	1	1	1	1	1	1	1	1	1	1	1	1	1	1	1	1	1	1	1	0	1	1	1	1	1	];
Stim.ESS.VFmode	= [	1	1	1	1	1	1	1	1	1	1	0	0	0	0	0	0	0	1	1	1	1	0	0	0	0	0	0	0	0	0	0	0	0	0	0	0	];
Stim.ESS.p	= [	0	0	0	0	0	0	0	0	0	0	0	0.5	0.5	-0.7	-0.7	0.8	0.8	0.8	0.8	0.8	0.8	0.8	0.4	0.9	0.9	0.9	0.9	0.9	0.9	0.9	0.9	0.9	0.9	0.9	0.9	0.9	];
Stim.ESS.q	= [	0	0	0	0	0	0	0	0	0	0	0	0	0.8	0.8	-0.6	-0.6	0.4	0.4	0.4	0.4	0.4	0.4	0.2	0	0	0	0	0	0	0	0	0	0	0	0	0	];
Stim.ESS.v	= [	1	1	1	1	1	1	0.98	0.98	1.02	1.02	1	1	1	1	1	1	1	1.02	1.02	0.99	1	1	1	1	1	1	1	1	1	1	1	1	1	1	1	1	];
Stim.ESS.f	= [	1.005	1.005	1.005	1.005	1.005	1.02	1.02	0.98	0.98	0.98	0.98	0.98	1	1	1	1	1	1	1.02	1.02	1.02	1.02	1.02	1.02	1.02	1.02	1.02	1.02	1.02	1.02	1.02	1.02	1.02	1.02	1.02	1.02	];
Stim.ESS.D_PF	= [	3	3	3	3	3	3	3	3	3	3	3	3	3	3	3	3	3	3	3	3	3	3	3	3	3	3	3	3	3	3	3	3	3	3	3	3	];
Stim.ESS.D_QV	= [	3	3	3	3	3	3	3	3	3	3	3	3	3	3	3	3	3	3	3	3	3	3	3	3	3	3	3	3	3	3	3	3	3	3	3	3	];
